8
22
35
48
61
74
86
98
112
125
139
152
165
177
190
202
214
228
242
255
267
279
292
304
316
328
342
355
367
379
393
405
417
429
441
453
465
477
489
501
513
525
537
551
564
577
590
606
619
632
647
660
673
686
698
710
723
736
748
760
772
784
796
808
820
832
844
856
868
880
894
906
918
930
942
954
966
978
990
1002
1018
1031
1044
1057
1069
1081
1093
1105
1118
1131
1144
1156
1168
1180
1193
1205
1217
1229
1241
1253
1265
1278
1290
1304
1317
1334
1362
1390
1447
1455
1463
1471
1479
1487
1499
1506
1513
1520
1527
1571
1578
1585
